690928
963572
297935
773150
614285
217214
861357
715525
589518
797603
144864
741745
332600
923375
193946
231645
480055
666389
880295
368479
296916
116563
42130
14705
637851
670101
456791
858697
345106
410424
883376
455577
805874
222658
152283
542859
785057
111271
32370
426726
104134
842607
239105
650943
536944
357291
915782
961991
925442
498760
265633
533296
593367
561886
992207
184429
846960
203667
309898
631686
203980
785882
56675
387381
381911
655390
542573
625598
330086
234315
54311
895721
346424
29735
334837
771548
709413
446369
373464
651608
24169
592212
778782
439396
848837
625706
779453
263654
11823
183681
457655
834623
967800
727324
855845
915367
502586
364219
857478
566838
230908
555051
552588
963945
470129
398685
600147
216475
929250
283061
886534
454634
459891
938230
637416
112203
642244
532916
556302
295111
873739
147446
294069
398404
673359
618628
922479
232914
902638
398514
136583
756547
939064
97956
429382
835807
30729
572975
632323
165124
832295
756960
755027
528663
707058
585452
153913
861524
795551
82911
889928
192036
434871
835553
550935
916285
107396
585521
229993
542095
293683
170464
609478
28936
561277
528125
858553
598669
244089
631730
619887
165184
799488
127832
154170
334044
552557
131141
490574
553919
943679
463524
447525
411294
98296
552093
895936
648936
933127
583230
509720
356045
821505
78953
948564
398460
823779
411329
591421
498349
61478
62736
412134
926625
176143
474815
778448
907393
186556
378870
800706
92851
14040
438471
703604
881875
556043
261628
734876
883287
258890
794861
520143
177432
290916
760183
38792
354891
602826
437327
783618
77447
211462
521034
899480
721039
171217
97228
705138
955490
979994
624846
706168
449802
660033
97907
230614
10921
500627
786247
271954
176220
404804
336109
590012
586139
953781
979306
912028
162626
701630
513003
274092
872784
567774
968927
207314
935718
148043
375292
852648
820127
930334
961371
16577
799151
158193
702387
410063
588335
175360
341809
745972
575215
171314
975179
412208
900749
585508
27273
376863
496745
590116
269104
421270
14905
220055
832220
281639
908227
