541745658 10
102442182 10
110011001110100011001000010000 2
110101010010110101011110100101 2
2AF7601C 16
752997498 10
486126131 10
340056573 8
110100110100100100101101101 2
4456744116 8
3B73FE95 16
805440622 10
ECD3EAF 16
23F6CA53 16
2CF1F4E4 16
111011100011000110100010110 2
918687568 10
1011010000110100011001011101 2
529506273 10
5670652467 8
604548775 10
EAB91D2 16
34C3E540 16
257678537 10
110111011100011010111000011 2
650081654 10
149707136 10
3633473576 8
1000010001001000000000111111 2
309825120 10
2B3B1576 16
100111101000101111111010010101 2
F4D94DD 16
6521227775 8
542080467 10
3361165376 8
909739222 10
712423571 10
101100111011000011011111011101 2
101000010010000100001111000001 2
100011110111011001011010110011 2
10000110101000010011100000100 2
1789589D 16
11011100000101000111101001011 2
100011101101100001011111000110 2
596644219 10
1B8D9956 16
100110101000101010000111001010 2
252203120 8
F42386A 16
798089362 10
110101010101100111000101000000 2
8C5881 16
100110000011111000110000011000 2
15218786 16
9197044 10
956FA3A 16
26D56683 16
382683529 10
5772346145 8
325191447 10
542353126 10
5700410471 8
20254EC4 16
DFA491F 16
933067594 10
387B9E19 16
366950071 10
626270363 10
1D4D7596 16
111001111100000001011100 2
100111001110111001100000011101 2
28FF53DD 16
11110011100100100001010111110 2
242767B1 16
115E8B74 16
309013999 10
101000010111111010011010110000 2
2DEDE395 16
957346881 10
4625414131 8
328BC026 16
263376E8 16
179772691 10
767897295 10
100100011111010010110100010101 2
6310342050 8
110011010101001110010011100110 2
6146042545 8
110011010001000011001100001001 2
6651572516 8
3301656550 8
111001111101100000010011111010 2
11011011011000010011001101011 2
100100101100001101111110111111 2
416563571 10
427665755 10
576221089 10
185120641 10
801288108 10
1001111001001000011100100110 2
5455002232 8
3765151147 8
5106165671 8
3345402760 8
188985321 10
6233646103 8
11011001011101000000101001000 2
6420760076 8
620083962 10
954E84D 16
7030364716 8
34B74B21 16
28FCA783 16
77AA3FB 16
2B7B2767 16
265988031 10
10011111111011010111011011 2
1010100101001101010100011110 2
110011100010011010010101100010 2
163239535 10
512017721 8
801947906 10
1713230631 8
5445572535 8
710000472 8
AB8BE4D 16
1331724761 8
2651304523 8
FA2440F 16
211151653 8
2C0B68CC 16
5663716746 8
103661769 10
119823366 10
658749904 10
868125894 10
110100000011100111001100111 2
6237100655 8
24CC7767 16
441954689 10
110110101110111011010011100000 2
778956742 10
11100101010000101100110111110 2
11111110000111110000110111111 2
2475610166 8
1F475AC4 16
130766360 8
209940379 10
145342297 10
859096721 10
2087CD81 16
111000111001001001010111101011 2
191A0D08 16
101111111010110001010011111001 2
1100011101010111111100010101 2
37706749 10
101111000110000100010010100001 2
485C43C 16
696991288 10
E77AFEE 16
368251896 10
110010100111001101000111110101 2
892465949 10
1011000111111000000010110111 2
101000001111100110100001011101 2
64730600 10
884350954 10
11000111010001011111001011000 2
26486B05 16
688492159 10
DC3ECA9 16
100100000100000011011000000111 2
472196103 10
76746946 10
101100001110110001010101111000 2
453511516 10
900534705 10
111000011110110101000001 2
10111100100101101100010011 2
3370517752 8
25247551 8
996398549 10
101010000110010100000110111100 2
28A69AED 16
10111111100110000001101110010 2
1010100100010011000001010101 2
3024454562 8
110011110001010101011111101000 2
116C87EC 16
3761105252 8
3046434661 8
638089293 10
101110110100100011101011010010 2
32F6828D 16
1BD78685 16
805118063 10
39B5C129 16
404026 10
3145063317 8
124270813 10
1000110100000010110000111111 2
101111100001001011011011001110 2
1000110111000010010000000001 2
11000110000000010011011110001 2
1066450756 8
894096104 10
7201525230 8
945567242 10
10100011011111010011001010001 2
705887296 10
55319991 10
6434012317 8
450364702 8
2439E79A 16
459837851 10
25487930 16
1000010101110001110111010 2
5260077547 8
74700336 10
1A804ACD 16
517426289 10
569268446 10
5616503336 8
861833740 10
6071335052 8
584047722 10
1010011000101100110101010000 2
2801DEE7 16
5BE4633 16
51859902 10
11111111001000110110111001101 2
654566420 8
804168711 10
5652660576 8
7176717617 8
156105101 8
2164444773 8
11111101100110101011011011011 2
11111001001111100101001001111 2
773763471 8
705736559 10
640327270 8
6417886 10
17DC22E4 16
4426162227 8
6205142707 8
1010001000101010111001101110 2
905585981 10
760760003 8
1E5A2D81 16
2A6922FE 16
1111100111011100111101010100 2
100101011001001111010001011011 2
1CD979DD 16
10101011000011111001000000011 2
10110111011111100101110101010 2
82001279 10
648766230 10
5152403161 8
F9D05A 16
110001110110110100011000111010 2
CA590FF 16
FAC66A9 16
3003466377 8
285E6D1A 16
183294800 10
794266726 10
100001101101000000000101001100 2
2E145413 16
1637504747 8
6027642243 8
15763205 8
303258A1 16
711581217 10
12774A8D 16
2DB90ECF 16
1635515070 8
658839623 10
1010110100111010111111000000 2
933426954 10
31F0A9C9 16
101111011101001010110011011010 2
862208187 10
1111011111010011001000011001 2
1000100001000011010011111001 2
110110111010000010111111000010 2
110010011111001010010001110111 2
220642038 10
2371067455 8
279960612 10
957169057 10
1B0DDFF9 16
2156BF05 16
110110111101000000101100101110 2
2A3CB1DD 16
817401910 10
4B3468 16
11B137A1 16
36B0389A 16
10111101000011010011111100000 2
3A10704D 16
10000010101010011111011010011 2
39BA50B7 16
10110110001100110011111110 2
51230442 10
2512775023 8
3620342456 8
38D3E844 16
93599291 10
382E4428 16
5020205036 8
14ED98E2 16
110000111011011010110111001110 2
100110111000101110001010001 2
101101101100111010110101000000 2
135666195 10
110111111010111001000110110101 2
1E20AF93 16
2123722262 8
11011001001111000110100100011 2
922315817 10
101101101101000001100000011101 2
110000000001100101110110101100 2
454497977 10
800814856 10
2715346176 8
32B113A 16
100001101001001110100010001 2
611643757 8
32CC9ECE 16
3430444673 8
21991D9C 16
1131462632 8
916617769 10
5357140734 8
484179271 10
3672011732 8
C32D70E 16
3B0D594E 16
10110100001001111101111111011 2
FB7FA4C 16
11101101101001110000000100100 2
332541008 10
10001100110001110110010010111 2
110011001011100110011000001100 2
704063270 8
3539651D 16
346D3E9E 16
111000110110110110111110111 2
868551596 10
260657472 8
198177207 10
58854932 10
30A8DF3 16
2A6A56C8 16
10508633 16
1603533024 8
1553626620 8
3441023226 8
2266716000 8
1057442555 8
11010101101100001001010011001 2
3351352327 8
33EFAA93 16
7047001435 8
1010001111001100001000100 2
3561644735 8
30720D7F 16
799332105 10
124A29E0 16
3747145360 8
D8A8B6A 16
3881F269 16
1516061203 8
100011111011100100101100011011 2
897200920 10
343243236 10
220B991E 16
2DCAD630 16
1510677217 8
275345210 10
3747225636 8
1560021036 8
5662516643 8
137C1D72 16
3313323202 8
101011011100001011100000110011 2
18CF06FE 16
645317405 10
6114112767 8
2722212125 8
3712600521 8
6231333623 8
869727220 10
E9B2375 16
101010101000110111001010010 2
100111011110110100001111110110 2
873093594 10
5656521366 8
101000001100110100111001100111 2
5107757523 8
1A513C59 16
E4E5131 16
22769CD4 16
1301DFA2 16
37F0548C 16
6521571542 8
101000100010101010000101000101 2
3127371221 8
11101110101110100111101111010 2
3473643443 8
2279931B 16
522211277 10
1710745517 8
AA08D44 16
110001100110010110010101001000 2
488746768 10
542219120 10
18556B98 16
111000110010011011100101010010 2
101101100010101110001101010011 2
3661175570 8
641004274 10
3635670210 8
5526733004 8
100000111101101100001100100101 2
704822818 10
7263531312 8
174971349 10
2E078792 16
110100100000001111110001010 2
110100000110110100010111010101 2
10100110110010110000000010100 2
1101000010000110111001000001 2
11101000101000011101101001000 2
11110011001011111000101001000 2
110101001000011110000100111111 2
110000111100110000100111010 2
867413903 10
3706D461 16
894442356 10
907859662 10
2446127353 8
147618472 10
100101101101111011010100100101 2
4562535550 8
3055571656 8
160501612 8
181660714 10
686012469 10
33BCBC80 16
31DD3DC 16
100101000101101101000101001101 2
2750061056 8
583849318 10
3949B579 16
657041292 10
10100011000110011111000101100 2
695022987 10
2573325773 8
3747620744 8
110010010001100011000000110110 2
700435334 8
111110110101100001111110000 2
111100010111100011110001101 2
46720895 10
4EC88BE 16
101011110101001101101101000011 2
4027212275 8
100010001111011011101010110010 2
647057185 10
257FB07 16
6775071322 8
6667760662 8
6733174365 8
101001001110000100010010110000 2
4743064050 8
776090528 10
857179944 10
886319758 10
15A78D4F 16
3B03E516 16
193B9DC7 16
1010110110000110100010010 2
227618434 10
19D317C6 16
5734157406 8
399D87FC 16
1553651744 8
101100101000111011011111100 2
110011010010100000010011101100 2
698643907 10
3A576859 16
160505102 10
B65A30F 16
100111001101101011110110110011 2
2FD2B394 16
2FE26603 16
111000101111011100101101100001 2
383E2B5A 16
3336123237 8
2171624634 8
1843EFD6 16
101110110111100001111011101011 2
11110101101101001000000100011 2
11010100100100001111111010011 2
171153516 8
101010101100011110100011001000 2
1621571142 8
3727501 16
873974203 10
5334127731 8
675304119 10
3150636764 8
1908AC82 16
5047103104 8
6663263451 8
53807116 10
115D1D28 16
565321744 8
110010101001111101001011011010 2
295627575 10
1101000011110111001100010100 2
D9DFA7D 16
22558EDB 16
5124436532 8
9D6871E 16
7215063607 8
100001100100101101110001010110 2
8F97AE6 16
1010101000010011000110001101 2
4442757734 8
110011110001100111010011101110 2
7162771221 8
4134354352 8
101111101001101001100100111 2
77418990 10
803034092 10
634721317 8
5642015021 8
534260794 10
4254511673 8
E611241 16
6754235514 8
775544224 10
110101111110001011001100001011 2
6654445740 8
1516700644 8
213743989 10
101011011001111111111010011101 2
939631199 10
327A76C1 16
32698250 16
433853898 10
859914445 10
620405981 10
14A588A9 16
11010000001101011110111000011 2
4043141000 8
100011001011101111100010000001 2
4176321060 8
888670341 10
111000000100001000010110111101 2
DFA4807 16
650020758 10
731378159 10
1411436031 8
D70CD86 16
4516177326 8
1FA2E8F5 16
6422363520 8
11000100000111000001000101000 2
6467420674 8
10001111010011110011101110111 2
6237650515 8
7117725375 8
108701399 10
1405455273 8
975615855 10
414517534 10
184924668 10
E4062BB 16
936645706 10
499072660 10
700158414 10
31A3C264 16
435578839 10
110101001111000001111011111100 2
476A859 16
11101111100100001101000111010 2
381E7F56 16
100001100101001011100111110110 2
17ECCF5D 16
7017212760 8
547636931 10
39AC32E 16
2D908D4F 16
2416361616 8
2044541152 8
997555334 10
637737610 8
32D959A 16
3334754755 8
110011100010000100000011110000 2
201EC0A8 16
5142624245 8
661817973 10
21A0D308 16
10010100000110011111101110110 2
228975589 10
725570056 10
981461214 10
110110110110101110110110110001 2
1714002475 8
110000100101001001000010001101 2
2566665226 8
100101011101111011010011101101 2
10100011011101100001111001110 2
3597237 16
10110010101110100100101101110 2
404844377 10
23A6FA0E 16
439521527 10
133450073 8
3510634544 8
111000101001101011000000101000 2
275EE2CD 16
904272559 10
2413737712 8
499897339 10
2732034731 8
10010101001000110101011101011 2
1207545104 8
10011101000101011011111100011 2
686773429 10
605387067 10
5022312112 8
11000111100010011101010101111 2
929470512 10
6465340337 8
32CC0B93 16
641483116 10
1657427225 8
D43555F 16
11100100000100001100000001 2
11110110011001010000101101101 2
10001101110100011100011101 2
1030300547 8
5060100247 8
1377767762 8
12445D98 16
11101101010010000101111111111 2
367211135 10
110110000101110010001010011001 2
23B6DA99 16
E0BE0BC 16
10010011110001110111100100100 2
100111001010010010010010110100 2
BAE55C5 16
110111010000001010011010100010 2
222B7674 16
90304204 10
111000110011000000010000110010 2
205527231 8
1F916C66 16
116AB913 16
100111010011101010010111110110 2
C67959B 16
24C0B683 16
1000101111001010101110000011 2
9F2F5AF 16
7201611136 8
2651407111 8
3706034747 8
4256124721 8
439928590 10
3352DD57 16
817205255 10
ECADC99 16
101010111100010010000011011101 2
735447559 10
391993B3 16
473779807 10
130005156 8
614829940 10
787926756 10
33FDBAE0 16
2805E37C 16
512773201 8
3534646570 8
693056263 10
101100010000000010000110011010 2
6030241204 8
926015564 10
101100010010011000010011010111 2
100011001111001010000011010101 2
3693000 10
100111000011001100100010010100 2
1101100101101011010100001 2
100100110010010111000000101 2
1101110011010101010011111000 2
1000101011100111001010000011 2
4034546337 8
2E06FA04 16
229AA0C1 16
5131665772 8
671846703 10
18D2E164 16
101101100100000100011111111100 2
1010111000110010010010100 2
2C6155A 16
211152630 10
97CAAF9 16
11010001100111010110001100001 2
33940C8F 16
1732304411 8
10001101000001001000011110100 2
3534360223 8
1010110111100111011110001100 2
161613407 8
995670531 10
342B6BDE 16
3388ABE9 16
3367027027 8
975534636 10
5101014363 8
1011000101101100000100011101 2
2674421112 8
AB94DA4 16
603712411 8
1088A61A 16
11001000010000000001011100100 2
611164036 10
294614E0 16
16650916 16
100000100011111010011000000111 2
6760316222 8
2D3E6D1 16
345680238 10
298007873 10
3527701467 8
261904839 10
4436764715 8
2751766416 8
6320075341 8
110000001011101010110101011111 2
10101110011101000010010101101 2
60990A 16
1011000100011101001111101101 2
532043314 8
27587735 10
11110110011111111111011010 2
5566327145 8
767F5E3 16
110001010000110111010000010001 2
373762E2 16
2713076277 8
341565490 10
313297499 10
2523316641 8
11101011101101100010110100010 2
10010000101000100001101100010 2
575051463 10
2363405671 8
1001000001011110101010001001 2
1CEFB6F1 16
110111000000000101101000011111 2
101011010110110001010100100111 2
101111001010010101100111101001 2
1226456037 8
3054001054 8
5010071650 8
119356385 10
1027724306 8
11001110111111000110001110001 2
6121526020 8
FF6151D 16
2764753E 16
270564E 16
5502327027 8
110100100111010100001100011101 2
110100100000001000001001010001 2
241985912 10
31A63C1A 16
11100000101010001101001011011 2
F3A6E8C 16
4616421340 8
265752025 10
241767B0 16
3627012443 8
101000011000100111111010011001 2
4713607142 8
2DFA7A24 16
2FB8C07D 16
100010101001011011011010010110 2
6615175246 8
3528947 10
AB80F6A 16
4613273170 8
