2865
6995
3289
6474
9704
9548
5580
2936
1649
7255
4219
6114
7809
1840
4627
6944
7540
6822
1716
7363
4266
1816
6871
3105
2831
8068
2260
4262
2003
4251
7936
7880
8344
6292
4631
3055
7394
7090
8029
4938
6661
8874
9470
3058
6299
9527
5361
6044
6410
9293
2120
8840
5089
9774
4230
4576
9772
1997
5100
2233
1849
2137
7278
4927
4133
2370
4602
5017
3376
5107
2086
4366
5123
2547
5414
3385
7429
4088
1289
1144
7726
8455
2405
5508
1218
1546
3820
7478
3548
7943
7450
3841
9800
6700
2492
7854
5587
9873
1660
1011
9440
