(131, 137)
(154, 253)
(-395, 30)
(292, -263)
(-275, -54)
(-344, -3)
(-39, 93)
(366, 178)
(-166, -189)
(277, 6)
(69, 252)
(-332, 275)
(358, 81)
(103, -365)
(56, -218)
(-133, -82)
(256, -244)
(262, 332)
(-179, 258)
(-309, 369)
(72, -339)
(-300, -195)
(198, 5)
(-231, -325)
(-208, 149)
(-42, -297)
(-13, -215)
(349, -366)
(-347, 207)
(280, -236)
(-21, 319)
(-56, -372)
(-191, 291)
(242, 257)
(276, -76)
(330, 179)
(145, -235)
(-253, -285)
(-107, 395)
(-127, 379)
(-105, 2)
(-52, 131)
(-313, -221)
(219, -277)
(-95, 233)
(-234, 340)
(169, -22)
(128, 198)
(300, 267)
(-142, 134)
(-15, -249)
(-385, -207)
(153, 391)
(-73, 76)
(-271, -176)
(-39, -374)
(-352, 116)
(-147, 108)
(-121, -253)
(133, 78)
